1.5561621145582076
1.6237217949469915
1.5112985161639618
1.5116262146567305
1.6698857991324005
1.6220635221701858
1.5588210063042611
1.5779820061820322
1.4788171668027201
1.4983173620121046
1.6011647298601068
1.4940051456220227
1.4811619754444658
1.4657683551524818
1.559327695621712
1.4266585748873082
1.5429653714753864
1.4729282098192573
1.4187445844614748
1.381806419792834
1.4914515331492313
1.4520029640096186
1.434692877071013
1.5044903598000334
1.512017064309608
1.5262668007001072
1.4715186951170103
1.457351824732517
1.5347913231904968
1.483038618551625
1.4867654883802353
1.463297048925562
1.4157817332632923
1.4315520669372865
1.374289768020725
1.3781239405528791
1.3458317528669612
1.3492461152719513
1.3870300327804959
1.4641934332015982
1.422894790179689
1.455734254369919
1.5230677471716176
1.4689637297219935
1.4898433330975427
1.4232848608779503
1.5835377795507617
1.497271174064692
1.4018715887065814
1.4028028263680623
1.4001149789545253
1.3954893650559381
1.449907746237913
1.3975748537810586
1.4384549650008438
1.367379798173232
1.4231562047069064
1.4702886316493238
1.4372578687237194
1.4411868648768995
1.4413999798915327
1.4410860106698733
1.3561313891190454
1.4888286022454995
1.5242600985505101
1.451567315628193
1.4026337982026391
1.3431321121660666
1.3985172307462885
1.3314226329871606
1.4145854609024564
1.4049250129397723
1.343127988088754
1.4026751340737333
1.374216141376051
1.4514487243222534
1.4218091564684723
1.5583493353838982
1.4834246039624621
1.508582260815963
1.386736672089632
1.4610296707158672
1.4553435304473796
1.4775871582324303
1.4215287307783164
1.3858312595700575
1.410174854622539
1.4384903594592862
1.384992359703008
1.3812568822716367
1.4996267293305792
1.3397390425968587
1.445366296052439
1.4889658742304315
1.2891359516322658
1.4832421546662078
1.4720804726967505
1.4133679807901844
1.4161785394262507
1.4666229501539958
1.4383654969492832
1.4512205256844743
1.3683442637130874
1.4429463016704125
1.3908347646220307
1.4258400225357106
1.5678714873762227
1.466961486945833
1.552945563398622
1.4548145825034833
1.5055291523302705
1.4002846911738345
1.3916172609769966
1.43996329322307
1.4988364478187768
1.4702002225912119
1.411351673627563
1.5844019343705735
1.5687965743553642
1.6115941908046325
1.483770857415453
1.5385533786247758
1.502382569721893
1.49660177901681
1.3716164865763807
1.3683587098974916
1.514148320144726
1.3992426999337795
1.5512549485462586
1.41517366890492
1.4223581372424343
1.4469055661727857
1.4973364161794485
1.5226008450090498
1.5826468936989222
1.5645206148291355
1.4797809801867023
1.566976688929991
1.4367009240554751
1.5803775328105072
1.5244087565032398
1.383796704953365
1.5619191588584054
1.5805999276281357
1.5505634123505123
1.5335591027651334
1.495241533106035
1.5769762976696053
1.4455426859526392
1.3556332516894547
1.5601049476150535
1.460252538766159
1.3634178011587004
1.5415854330325234
1.5394102157272256
1.4775715098611588
1.4614885080150468
1.4937689498803015
1.4567160798281265
1.5172997045985968
1.4720964897557083
1.5137983641556756
1.678255670343137
1.5555828230799271
1.50202505916659
1.6354925332530572
1.6434021359533786
1.6183010530667477
1.5973264715540654
1.5736949076914455
1.5049055219812524
1.4980972056292154
1.5938929742312307
1.5553555467748763
1.5256029974699277
1.4273370436563988
1.4193054894123647
1.506459451682566
1.495900515101137
