0.19370766787836607
0.23864518462419385
0.33764876890053536
0.18030187750079274
0.45498680979294703
0.29473590762085483
0.4340927859144969
0.3637206485294316
0.23596866933366287
0.3998289186862617
0.21596548482405442
0.3848457818500405
0.35843065186494216
0.31974540685928077
0.20115894020650418
0.24052690518886657
0.18174561850512033
0.17784602309939165
0.3004987388814065
0.2113255626937937
0.45169099758846926
0.2876143129973052
0.34564323192423546
0.3750970076581039
0.36199020616069255
0.261454851976476
0.35050701024739944
0.23290137046840903
0.2743808762933109
0.34934055013174603
0.21304639650406182
0.17262831582569543
0.3947541110092083
0.23595663788443613
0.38699295188554034
0.25166011888313095
0.3348101305953785
0.41516638413521484
0.3553519278877621
0.32133003998262866
0.47669420937102874
0.2505771681649559
0.2112988572670904
0.17720787399872714
0.18315909553887041
0.27250296855053446
0.1665035429894932
0.25611029505042443
0.18514117688795442
0.2420934066352307
0.21647646663185144
0.2970910867725385
0.29490818750139514
0.22461371313322623
0.24667493026282186
0.26806088645255943
0.3021058621587262
0.21196202085341825
0.2001475650269294
0.26365425524949926
0.23806782285230726
0.27287088185319386
0.3474775303530384
0.2688151399162758
0.28005760203767116
0.27040364789982557
0.21858603908633092
0.26549283475544033
0.25883130409617333
0.1561960385564982
0.18077268067963123
0.5009530901982344
0.19632104686318305
0.22924858239898047
0.28285129448882773
0.45477639854053126
0.4265875103683344
0.4336095294213199
0.40232510011343914
0.3112554259712605
0.4102849836560186
0.18114247199101227
0.25842215938336754
0.3306687811493201
0.2108295409160835
0.32017460332320113
0.4580827519411003
0.20858070619956343
0.20304674077084303
0.2861591239270665
0.21598119092334156
0.25420496462641845
0.31589961924755305
0.23765860741536346
0.38822790390686723
0.38698604034456635
0.28217596285319335
0.32761725352812593
0.22337511963208898
0.316985770054435
0.27013536030476143
0.2635908232540698
0.41360535804127235
0.3275026324619896
0.20167076177343168
0.2775797907466414
0.27169023253513325
0.1606497867060426
0.2736198210082923
0.2238270705625473
0.1586803619314819
0.2708627433670443
0.16154525692339722
0.24315708671138422
0.3238335337397505
0.2479872238436362
0.25268066307418785
0.22599765776243633
0.36238831882065653
0.25227502945328784
0.31151407785883384
0.42065901644358233
0.31033485052805637
0.24619933602735333
0.43818372569137704
0.3027219013152507
0.2869011156893795
0.28086025491735045
0.25344069188190327
0.5211163707804605
0.2633172378846414
0.4114742632648825
0.341402973608473
0.3661367242059856
0.44576737041435505
0.4716523981521992
0.1968849000320092
0.44079348043754457
0.27805051822770716
0.3645637725136835
0.3509920075922967
0.23530118857952234
0.37470026499010683
0.2541725213852185
0.3257636923331636
0.23128942848350914
0.3657016873288481