0.12291398954334298
0.11618834339715249
0.12849102864218276
0.1442675141784388
0.10609247990556384
0.12116284080285679
0.11824832142828526
0.13966777468255545
0.11231305768899282
0.12239766487984177
0.14475224467945855
0.14682828146306798
0.13819663942786953
0.14131412090380757
0.147313504405878
0.10919402001209913
0.12564652454159156
0.09496741266837261
0.12092223869322057
0.14875219030931527
0.12926153195578685
0.1323187135087794
0.11137061947673546
0.10355654080488638
0.13674967204801183
0.12976343619757175
0.1307202071521245
0.12497240754577235
0.14464261106582746
0.10849297177663626
0.12211031932172335