1.773955394639732
1.6157600491521624
1.7688815860869218
1.8357097090922723
1.6659987605647864
1.5832093023742326
1.7034686720563574
1.5249229870352998
1.5183041511552104
1.5746941151239455
1.582337507372713
1.5277999124486452
1.6437306146996953
1.6294157635282427
1.4908062349401685
1.5602268821335024
1.6254041954850258
1.4487493459123963
1.5476122422885776
1.538646276514482
1.4538662707270913
1.5480256941869512
1.507147369061442
1.3429193873616936
1.4731715917580779
1.6319574235896168
1.5871061665204182
1.4987214313737982
1.5759317134239916
1.4941881693226577
1.5465607107239638
1.5596499624115663
1.445909092285881
1.4489538429115199
1.497742613554997
1.3657243881673145
1.49658995737237
1.4187742381783812
1.388964917464557
1.4503726261464913
1.3984145048309853
1.400511557363226
1.543630472694997
1.558965747918465
1.703260058723831
1.593687899088384
1.4582138161172364
1.5174961928191917
1.568998944502709
1.4284691834058898
1.4037979691848002
1.4284124091713981
1.3901125878259768
1.455519631275669
1.4206939967152448
1.5072868401304602
1.4917188155387096
1.5726406829845327
1.5003054750587186
1.5145341095602667
1.445835022175191
1.5980442417447818
1.6016396928644274
1.6062616617334593
1.481449257590305
1.5185415282596408
1.4910451419952033
1.4349706642941176
1.4711484551016578
1.4836087304869519
1.5239959053559873
1.4362614291274178
1.3810816795271643
1.431897664685029
1.540460141081881
1.4835331508705134
1.5545409185339085
1.5958438214777557
1.4224698504488456
1.4347677228190878
1.5217570766553037
1.5019183465050114
1.468686537948084
1.4751299073165112
1.4554546972667588
1.4562899203762931
1.4631363021308093
1.4468379214852387
1.510697492356616
1.5259911225197416
1.5918316826642234
1.6396299446985596
1.6806589979055164
1.5700307323447502
1.5504939435628335
1.5403507052524867
1.5428991921281876
1.5286248181386206
1.5311000148619043
1.5037240655275832
1.5384743657956443
1.5346302736014
1.575027476655375
1.7104192274461993
1.6334812427715308
1.6446848881899738
1.6218192382764474
1.6821707796569365
1.5589171396979613
1.596222639558833
1.4862095106658428
1.4662164231459975
1.5776400151266887
1.4251132112818734
1.5773691497018274
1.4052974074703326
1.5671674193367573
1.4824642716652785
1.5537771027735066
1.6730369946803108
1.5448276609463507
1.6043857406748698
1.6815332132940117
1.6341498991095997
1.6244272510431432
1.51559979061573
1.5948456986654367
1.6025574776746205
1.5686632612743472
1.5749308311755355
1.5981902367306384
1.6634962048424693
1.5573851092313538
1.460389001183497
1.5972091463378983
1.5470529341643202
1.5669395870102225
1.637856543684384
1.6637480355201042
1.4694934438631493
1.6154395711953506
1.5500979555421228
1.607842410274892
1.8206763905449492
1.6448392413516446
1.6650201003738183
1.5964021872614746
1.7037151425634784
1.6314734248460543
1.600488106361402
1.5909225494361399
1.533621425438181
1.4825638339094764
1.6568687039477483
1.524119876372895
1.5458964611244677
1.775939443749571
1.6316408219231266
