1.0851543403183792
0.8458855160805907
0.811216705669166
1.6859600941461579
0.9187737450000675
2.0924873027280824
1.6108891594297927
1.9793757130130962
1.0005595470485766
1.883548559455359
1.5991147506305803
1.6063346506300693
1.397203041469015
1.871190880069784
1.7741825162992826
1.51080259319102
1.6265226472528789
1.8326550052563018
1.6258827809143872
1.789623754498797
0.7991819841295065
0.9073117618580645
0.9978638305289597
1.028115631102806
1.8047290551944337
1.7817700732201305
1.0214375284830168
0.9897884713878118
1.5880444328079335
0.896208154767933
0.9165994739226323
0.7778839909241105
1.1008464849690922
2.150546632081749
0.8388658924713607
1.7304800259493784
0.8911369668317769
0.8406660867888485
0.9246187686873341
1.5876581588124419
1.8201224720686557
1.484390395352211
1.7635124755782414
1.57098148872338
0.7978330446970373
1.5768700564948994
1.3377172558297543
1.5303051807524375
0.8014892399395693
0.8873175183855989
0.8501679095571814
1.3960755648983956
1.5776828751054115
1.531629976357494
1.3521783988872547
1.3501585575394166
1.5912387124216918
0.8471504380703541
1.8359840643113328
1.8713833649227627
1.3629761438747698
1.628246784184618
1.6829876453992754
1.3392901345762351
1.6988787273831034
1.5212178362439213
1.571524858877376
1.525861769141684
1.4104749043971918
1.5671276238414737
1.6182513589411374
0.8519138292898373
1.4357524732378306
1.297383624250845
1.603429276173002
0.9891387719662185
1.3453917087801872
0.8553596777379335
1.5954603604740454
0.9149033432386173
1.557515260986581
1.16440528770969
1.6690287524287606
1.3227661381577736
0.8343903578855474
1.3677315038166706
0.8140893334067242
1.3393292990119487
1.6565942258578696
1.5743033289352255
0.834205406230082
1.5269022161215449
0.8589904696664366
0.8423777597658136
0.8393759458020958
1.4816766558066163
0.9675211229085734
1.6333739493313881
1.6097266897700635
0.9395972499503922
0.7945684204872061
1.5450510725526727
0.8524133122073493
1.5841418393631068
1.0459915547175176
1.0064484429595395
1.5243434221786232
1.6069419531272737
1.558559876910652
0.9505346646984527
0.8741371981969058
1.880176669465283
0.7641637121513587
1.613260246267067
1.7148175239975298
1.6374750318024691
0.8078751218767629
1.7559256796744735
1.6661115511154063
1.9946651693333817
1.5095886826468263
1.3371718879824888
1.600512772664065
1.6146158554450503
1.7483876659779793
1.6436632472465114
1.657890352555328
1.6188480720330285
1.3642611759203893
0.8158252380398632
1.4008440788131085
0.9214305260798005
1.6442234001750633
0.9584665200924514
1.4733948079881554
0.8503648859062112
1.5298812035426572
1.4436812824882395
1.6604631045081204
1.6235039984205573
0.8911751935370135
1.7997312661270537
1.3740156957422787
1.8342750607190084
1.6753551998947118
1.3484710261592314
1.7972775521695292
1.708517997720422
1.5901817779050171
1.3791643268348774
0.8561288592716044
1.6464695168353152
0.8765400892010394
1.8206217940032277
1.6188225865387553
1.0320554381084748
1.5173497749384584
1.5554397382059646
1.6363697709625273
1.579199426627013
1.6355075159342696
1.6657011239762394
0.8644383276422728
1.6246362014183608
0.911318168716202
0.9058101406409277
1.4749054155128223
1.126881585049942
1.4146072918063046
1.70744923410538
1.7059381335099535
1.6078820175934556
1.5689052622876045
0.9209885517123132
1.6118918984245187
1.5494647984952752
0.7752236845799371
1.8083848959135542
1.5201167663137556
0.8478422715479191
1.5834401703069714
1.6580508358734902
1.6089660996595803
1.494788892469611
1.5885197820011663
1.067782325467174
0.8494355731779273
1.3689452372574538
1.6123080999665542
0.8107554697512671
1.7643189675029716
1.395970531251339
1.8068085475789961
0.9185432220411558
1.5594656026243814
1.0844410863327492
1.7765804229683986
0.8360449855195095
1.9691725655744803
1.8701494973353474
1.5295324815276963
1.6184088854980163
1.4383831950482804
1.6474366178476072
1.6854437113665115
0.8503071005230782
1.7376545829740118
1.5783198965771796
1.6840028892199126
1.6790667336556426
1.602067414461006
1.5907868270150014
1.3555659960257656
0.8012803825495027
1.37036911157093
0.7970631727275489
1.3209221406269178
1.566377119791138