1.7231064299357546
1.6823660834210192
1.543246462545693
1.6278988636539653
1.7395874311094426
1.6461587469334256
1.5976901777677066
1.6127522941157033
1.5238964296826734
1.5584568964140737
1.631963598323688
1.5188818607065746
1.5023517278086242
1.5994646124489695
1.468497664993677
1.498818113529703
1.4493048419442427
1.4611479467103
1.5369502696617576
1.4785652608755906
1.6422321904543693
1.6491672776765092
1.617461460861307
1.6451139725853574
1.507336639378674
1.5797142304159513
1.5718808148671957
1.4987167786895887
1.5186035916776155
1.5204146586133727
1.4325716400830346
1.4571402486393759
1.510821696783917
1.400472319853132
1.5063198729203928
1.484406034371589
1.4117433181950654
1.540072486187944
1.4876853750612598
1.5717505725344834
1.5415821808384356
1.512657160478237
1.4445927213361276
1.6210296106308697
1.551996876822696
1.4281898198813665
1.4135485396730647
1.4452403516245034
1.4187577931804014
1.4864869310937794
1.4159257117987047
1.4657793424843735
1.5340522195913224
1.5068530172112904
1.5618500725139042
1.5431483590501842
1.5669922180912916
1.5232060842066366
1.5372379730635022
1.4926100401528535
1.5202860362251531
1.4281682576875634
1.5231507658268026
1.3859153110129971
1.4411186642698033
1.4275220420731927
1.4779729835977673
1.5488283415813215
1.540495590905729
1.6841162470424884
1.4688611784316348
1.5826737563018338
1.5259447851533965
1.585148034142334
1.4538655805833816
1.5014748012859236
1.5305211006825912
1.5080360262014203
1.4958315592715825
1.5273241203061747
1.4467902134343344
1.4651595476010246
1.4800087998567062
1.5204097649248716
1.3582840194297958
1.4510652625680533
1.5136972300347182
1.3050470159083185
1.5064257168684823
1.5063809924180034
1.419770309665769
1.4571495906055751
1.492680945639629
1.4758840585680384
1.4659402024211228
1.380912688120268
1.4460994360122945
1.5550695987256207
1.4663524928354592
1.6036877716539866
1.6203137124189184
1.5820844817211703
1.4724989243571884
1.6749274681410349
1.5099219003205424
1.4293904182737789
1.4740804881162954
1.606818198005294
1.5806199470705673
1.4444394520595403
1.6273416948954422
1.623066047397887
1.6888975499156074
1.525734581250767
1.5655037653069173
1.5409598092093428
1.5196170425585092
1.379401505076494
1.4608986351127677
1.5580283872927825
1.5373048638785038
1.585671994941352
1.4328228944793684
1.4956160914535375
1.5650544604168555
1.5514621796931563
1.5413983404923803
1.6194500563424268
1.6172220374474688
1.5651375351351968
1.5884906376845975
1.5685514978324266
1.4886187624711276
1.6400909901583771
1.6195542692240088
1.7096427696876189
1.523633996019398
1.610495542843306
1.4027109093765349
1.5941980399720714
1.4762121987172383
1.3947703462098044
1.658145202512479
1.5672981807403643
1.508252063491084
1.4954061411427948
1.5222335837110739
1.581891959992845
1.5595668516295742
1.6294329328926704
1.5548446477167137
1.7317413889694664
1.6018705111978337
1.553447852389524
1.6764610006525429
1.711181785784052
1.6352445491776166
1.6195730336905476
1.5363966274292056
1.536363067425842
1.6102996003147059
1.59544771157007
1.4409130585171188
1.4415541066610071
1.657207113548695
1.5127722284270437
