1.176388126393368
1.0040886127764166
1.0244489253928715
1.5450437969074255
0.8996129446903959
1.5287025869014408
1.318631652393321
0.9784656297840524
1.6101212497048678
1.0444697815345796
0.947295612952217
1.5402670811691535
1.0215508120300487
0.9477736109414785
1.1494005311175628
0.9306377392389525
0.9807450670154166
0.9571926177170876
1.3654263740405999
1.7720921455949847
1.6690068531561346
0.9645068409241633
0.9900567194775861
1.509932537616502
2.1658049080719723
0.9883663081936899
1.378155650863256
1.1260801876229796
1.4136792527336683
1.5028148540467896
1.4341261923934836
1.469133874660583
1.318096164764873
1.183694119774662
1.1864654570782043
1.6265210635998246
1.4093415153526183
1.013283911511159
1.2265504645723655
1.3442207060949583
1.6703109119603123
1.2939351711667975
1.1819648576789057
1.5540851307258439
1.607332136734496
1.5433507861075115
1.7528129653858133
1.234667719286125
0.9913188061810521
1.3011347275249912
1.0473467326941406
1.6069951122604595
1.5434766028767277
1.0106436626420965
1.2410614797511694
0.9968774294821876
1.3286770215834636
1.048884771802487
0.9973294369235289
0.7990812061479745
1.222750443982301
0.9344123877237142
0.9739464344219545
1.341833365679638
0.842359974231971
0.9717019213772274
1.9644400728993068
1.2118366092501864
1.3409123006376276
1.116275257933838
0.8160607475185947
0.9805716528553858
1.004135624573407
1.1153837305287264
0.8673808102581401
0.9774083548917806
1.2365236650608782
1.2674482439066737
1.5427168365687367
1.3517082546345973
1.5291134290332262
1.2559567677217165
0.8294203429062017
1.1818166046134895
0.8665865891937593
1.6098066254481593
1.0986508428658477
0.9569644837280354
1.528408835074002
1.2467939674953556
1.2756711292189271
0.9887485582383352
1.1643013119682872
1.6492773816662185
1.1318091404421993
1.0874948451154567
1.710531776674052
1.1872377426494591
1.2696984110816336
1.1448010337051717
0.9289184225035878
1.6209620919691177
1.5216079476127329
1.7098260173711461
0.877421298060926
1.1089379479145423
1.1027693274369124
1.1243454961978816
1.7737460897400577
0.9122787147416297
1.0026818830177495
1.0452164058578797
1.8025310371158336
1.0773791435047742
1.5297182376713945
0.8677531675118361
1.6130600292152364
0.9309677096998114
1.7669594806724744
1.520712296104852
0.8398454683224365
0.8980834421138588
0.99277306276374
1.3329894648978806
1.3551628298062426
1.0263201096860814
1.488177249741457
1.0306360450779615
1.323769191320802
1.4077206177621886
1.2364957341552056
0.9205701111398101
2.7010212576397916
1.1305482764388053
1.6412108526292946
1.006840858548179
1.0357595629776744
1.085289484769305
1.4682678566353178
1.9013824158194006
1.8331919720404735
1.8415625586663829
0.9440712789507528
1.0550219480378513
0.9498235503382996
1.3727652593318007
1.3974357588891824
