2.9326541722929362
1.523934668959938
1.516334481369085
3.059354202508457
1.9876836394137778
1.1847379471349502
2.0029808790238834
1.4768236772696068
1.4328173140759766
1.7441628710496588
1.579134894536118
2.05498847355696
2.1319049375921395
1.6840301087307112
1.6059762652323317
1.6080025079431228
1.5058270377032645
2.350469961752054
1.816804002054089
2.269677999116207
1.9409444059158132
1.5328468454067483
1.7754923959412583
1.8456556871420622
1.547249621957587
1.6568129370212563
1.5821393273433273
2.0323869403817523
1.5161924173035581
1.4382748372008467
1.5874737424435847
1.5373014467541033
1.7844509203242822
1.509736343535827
2.0281094854162314
1.702771456758671
1.6525526746700663
1.6043619226428008
1.867774847301898
1.3741669454942806
2.0929731924449895
1.5920725447671051
1.9491160330209856
1.4020702618729488
1.3349612717910264
1.4491327248827737
1.5363801481695682
2.3340922937501998
1.4130428100506771
1.6097463279833848
1.560579331418014
2.260811361361997
2.025704303064803
2.053084133850765
1.1308511294726196
1.7769067466224016
2.7753876374571376
2.060211515472021
1.8449566319114814
1.6475315116246294
1.4452461992709082
2.1208890988317233
1.5848200215395212
2.122747450441478
1.7722848278142127
1.2815705513253104
1.5525328651355468
2.0013037369502467
1.6618673639831656
2.2530211768827644
1.479933044163188
2.0936499922989733
1.2584323429711586
2.066219252514203
1.4352198847380304
1.4030239891522955
1.5327258481686936
1.700910268900716
1.404424342237442
1.8645856492576762
1.609491991567843
1.5776895319966924
1.713910575195225
1.668291605578741
1.519833832443616
1.6661918859180769
1.5984378955016711
1.6394585621981348
1.0675430208206933
1.972227563542582
1.9416912982070809
1.5683993624087662
1.6560902422853863
2.1428468132490286
2.069344608340625
1.296555567519264
1.2923961694570487
1.9019139668580305
1.7320194833350038
1.5987394896877605
1.5575836926292967
1.217654122485873
2.5353787492767097
1.9291352831206587
3.676080321149998
1.5339796165697654
1.4408838944243603
1.341173448962503
1.6498721635292708
1.4449339911242598
1.6549881308302863
1.9320097984540567
2.7786444937402486
1.4767119988702513
1.4118849352227905
1.6270915438856974
1.4760075217024409
1.2922448199599428
1.841787294552786
1.1829320862248796
1.3442111377452803
1.4144183827995875
2.190241249968263
1.413438693066948
1.8710549549872852
1.5111091572688824
1.370163170679467
1.4074042648593956
1.4749061041130107
1.9077426218154778
1.4854931033778214
2.0721865972728244
2.236450718088223
2.2763433113741818
1.521379599282822
1.6984728662122393
1.7875640195727438
1.5536608074424805
1.2448209714292304
2.042529569409001
2.3626158185734103
2.286502127996758
1.713643916155779
1.4255061519693784
1.3650431107773857
2.591895648640976
1.488252447300851