1.974554753408247
2.138524028013701
1.8620042157857624
1.7688598232713717
1.722884955152607
1.790752795863666
1.8470636778587086
1.8937284909000835
1.807904236099836
1.7476103522039765
1.916294947424518
1.814079067737256
1.7028075626806085
1.9484322613668352
1.8310653924160734
1.7132182089192358
1.818608786054434
1.8589459545728488
1.9908598639090291
1.8116720504451314
1.8220017998879752
2.0222097857336956
2.0763966796377753
1.8977529100576065
1.7384022964976182
1.6660225588120487
1.7821153951342545
1.9196726558665036
2.240216650211775
1.9458779521586047
1.786744768419099
1.9391479172452157
1.729428356635844
1.7553789803861966