1.0851543403183792
1.6108891594297927
1.0005595470485766
1.789623754498797
0.9073117618580645
0.9978638305289597
1.028115631102806
1.7817700732201305
1.0214375284830168
0.9897884713878118
1.1008464849690922
1.5876581588124419
1.3501585575394166
1.4357524732378306
0.9891387719662185
1.16440528770969
0.9675211229085734
1.0459915547175176
1.0064484429595395
1.5243434221786232
0.8078751218767629
1.3642611759203893
0.9584665200924514
1.0320554381084748
0.8644383276422728
0.9058101406409277
1.126881585049942
0.8494355731779273
0.9185432220411558
1.0844410863327492
0.8360449855195095