0.15785218586027516
0.22407020847159748
0.1571296176235781
0.15566171542657933
0.19729299173505507
0.17645006173674302
0.1659225833392087
0.18657584522250908
0.18891217148899225
0.1539681105036306
0.23920879091717293
0.1734895988678315
0.1642484900316946
0.17336347404889235
0.15606180467792308
0.20908740956861566
0.17712550310741224
0.19688393340104135
0.24421482241706657
0.1813921378337774
0.18444181524775036
0.1948668364877289
0.1965802978220028
0.17587631273861537
0.1838580100585347
0.1909259381042841
0.14538836112193754
0.18481871906819405
0.1671810773600635
0.19228418346328735
0.20446976975991404
0.21800964709171836
0.19169183731471515
0.1421870150984244
0.143100812294985
0.20726268900853054
0.23118436182403918
0.2336105075788019
0.21130417625800826
0.18946808314075309