0.21734784845633576
0.17848629655635156
0.2057649352451547
0.19813464463612654
0.21246347791921355
0.19989328907413245
0.20549479875726623
0.18919275083189893
0.15773247700379617
0.22124145265220246
0.202424701528793
0.18382452636131483
0.22796496378197273
0.1849897094694059
0.15798439100621806
0.1915178034813442
0.19302880847369966
0.14560092066379282
0.1791704970117409
0.18204846961596022
0.18209384852243857
0.15819540467196042
0.2148011693271758
0.20419129231630068
0.23312048004412586
0.13281538208214463
0.18574638426048784
0.18391836422534974
0.13341579357728092
0.24264185311031855
0.15302401444977953
0.15266859014903117
0.21823008099837982
0.20449030726272563