0.21734784845633576
0.24885714692284341
0.6531866860964328
0.17848629655635156
0.5272319730033868
0.347931449931561
0.30188543631258813
0.3726760083547759
0.3297251024000244
0.9413758351362471
0.8815250069811084
0.7544899528385522
0.5924422713609662
0.274221564299412
0.9619628593144383
0.2057649352451547
0.19813464463612654
0.3770434988279485
0.21246347791921355
0.19989328907413245
0.3093470579485124
0.20549479875726623
0.401917279052821
0.33883368679698944
0.8831995257519831
0.18919275083189893
0.15773247700379617
0.27261507481316755
0.22124145265220246
0.29866761629647476
0.2598463149963314
1.0265173688349423
0.595139769776244
0.3598875031857073
0.4510290853800391
0.5464133368476509
0.38817831069147923
0.39087354777719335
0.46842441061872797
0.32526468881438186
0.2987123699351145
0.34111112378852926
0.3719401640138386
0.31623108000419664
0.202424701528793
0.33901222365636224
0.6171615520529545
0.5755316674242967
0.9538010368135406
0.53160671413483
0.4266878312832384
0.6334876034122029
0.6966110320044873
0.2998861572060929
0.5965400554380834
0.9289316802780939
0.3340121016647467
0.18382452636131483
0.2573618177480937
0.7204624918801878
0.9564407142744048
0.22796496378197273
0.1849897094694059
0.9860897097260952
0.4374744356088347
0.35431986707305374
0.33831436979818663
0.457068491614028
0.15798439100621806
0.2997352449644319
0.30057527751720087
0.2395179177936608
0.42220369995430695
0.7093751612951015
0.1915178034813442
0.3126705560513307
0.40998877937069444
0.4327131913686661
0.8750518858398031
0.19302880847369966
0.6929258225010493
0.40842064339639167
0.9795503949038287
0.9143611358157394
0.5718804505038527
0.4732417788161294
0.5344011744196495
0.5213768103666768
0.7963967629231101
0.14560092066379282
0.1791704970117409
0.44444659709007633
0.22046571940122411
0.45506982780634936
0.18204846961596022
0.4569818113055016
0.44607246755551777
0.18209384852243857
0.4197094726994041
0.9993690886248064
0.3788635326963125
0.34955228030394253
0.35919094378223526
0.15819540467196042
0.3455019386830005
0.2148011693271758
0.23071149086011136
0.29278335844509956
0.35330739371275166
0.20419129231630068
0.23312048004412586
0.24834548560962175
0.3129064761458133
0.29443375017360773
0.9052602392808934
0.3730787593365103
0.5126382650493071
0.13281538208214463
0.303819946466246
0.18574638426048784
0.2424514393783757
0.26275855429673606
0.18391836422534974
0.13341579357728092
0.24250203004792817
0.24264185311031855
0.15302401444977953
0.26520394129302016
0.4952932624838561
0.24456674246471655
0.3337359657281207
0.15266859014903117
0.30952185679175664
0.3400388827080594
0.943986019388663
0.41242712429585593
0.21823008099837982
0.20449030726272563
0.2303898438804504
0.940996588088336
0.21531772622923837
0.41317223319818563
0.7382657129134944
0.8072515803120547
0.4869690948821153
0.37465966916989535
0.3796174897365949
0.4222061464365575
0.6018279952071192
0.3940468028343507
0.9311963920863913
0.696632116059342
0.4008251464843175
0.5313430166449497
0.5004459162736907
0.4781148041637497
0.23733494212520054
0.4634766031838225