0.12291398954334298
0.16609234853057084
0.20722618237544654
0.2628638569916171
0.15975462355892256
0.394202997820007
0.11618834339715249
0.44614132022773084
0.12849102864218276
0.3757509767047553
0.2359835869012032
0.32406060461494934
0.26180462598022386
0.6317950238991675
0.70793201532916
0.4728560090621905
0.18157016030891174
0.42760650192258187
0.26628298142572493
0.1442675141784388
0.18614729498357085
0.10609247990556384
0.12116284080285679
0.11824832142828526
0.7653383924152527
0.13966777468255545
0.11231305768899282
0.12239766487984177
0.2723342385249958
0.1707836230028102
0.1565157336920145
0.29548384743532236
0.14475224467945855
0.21266944629546589
0.20536072751081116
0.6731212942396129
0.17175912227065507
0.1838555448077477
0.15081889210024088
0.14682828146306798
0.2306250166646982
0.16396850736866916
0.7104514434894396
0.3309360452447095
0.24573604801155313
0.2480335870226916
0.2698510803933714
0.29131746938651654
0.20755429696017313
0.2662234843730715
0.18698848765847048
0.1961112835705388
0.262070021249848
0.1720616050475768
0.3543844946728299
0.13819663942786953
0.30544881754619174
0.19876584470031347
0.260442135575021
0.19760024627868109
0.24832721867684182
0.38734495110975303
0.30342795851676735
0.6789380437326179
0.2472812541221266
0.25418759749557307
0.351341583552465
0.35508484062011764
0.18376823490854452
0.46713581715276
0.5197652819655327
0.17331916277299084
0.14131412090380757
0.15588248595521212
0.21051029012442848
0.147313504405878
0.19316707418404375
0.15086959738922245
0.18097407854730244
0.17170779505126404
0.2426403913378413
0.10919402001209913
0.48769367714151574
0.21909575830421513
0.17908254236877236
0.20253949959383438
0.20615602058776866
0.2171913959264031
0.5696391197296163
0.7253990862111428
0.16976865085990941
0.1586189800106497
0.2044137424187949
0.20348419859351954
0.22536095684777924
0.7768487777830546
0.12564652454159156
0.24438948233223523
0.20216662378620812
0.2035476543092284
0.230686668202094
0.16721674580349677
0.22765767763479183
0.19549660062368324
0.09496741266837261
0.12092223869322057
0.14875219030931527
0.3378387582475877
0.42922001161247747
0.15681051132163257
0.1808487424474385
0.44905767261091767
0.24081336260814146
0.34462204075946173
0.29937042819366816
0.7261875729145262
0.12926153195578685
0.43670231643039004
0.3159453293769801
0.6894494791164394
0.4144113278067093
0.397884528513653
0.4522066796419826
0.3074671425891689
0.23489204218487794
0.3265486066402921
0.6985248121996226
0.2999153409998546
0.1323187135087794
0.21019859477351197
0.2539556124466805
0.16402232928307972
0.23550627483994085
0.11137061947673546
0.31810688741521315
0.16374301349031806
0.16319952166784996
0.21789001550180234
0.6933454703574743
0.18212507736478384
0.21032164345039653
0.5247521645970599
0.24600926658247832
0.37264358116450813
0.19625004078850403
0.29204895154960714
0.2791558676377124
0.388808981719926
0.22831753975375474
0.24349201266150022
0.18616965966267937
0.2279282991350472
0.21769048327656737
0.7311543185581024
0.38708632726251324
0.10355654080488638
0.47896001104298297
0.2097426412326597
0.29095105216848555
0.24692538230553124
0.19619030327799367
0.19418488310855944
0.13674967204801183
0.20679141840609194
0.17415103761606074
0.12976343619757175
0.1955553058707693
0.1307202071521245
0.178240594495068
0.42820744758570795
0.2436724449550736
0.2096866045096927
0.20299948930337863
0.18591876310930852
0.2803077740857848
0.2089446857379943
0.25935123263934035
0.730198247681966
0.344959538473146
0.2452363308033745
0.18378490385896884
0.3196880978968336
0.16663491129668354
0.1905362285607604
0.19389541123852388
0.15913128484168285
0.12497240754577235
0.22235524355414996
0.21597290852616066
0.2394483782926627
0.7656615887123467
0.18278073657498717
0.41627984582758315
0.14464261106582746
0.18919593376298527
0.10849297177663626
0.7180203612166067
0.12211031932172335
0.7294225955791485
0.46063171993919366
0.3003982881139745
0.28056390386366037
0.2883293324375846
0.33451293493399464
0.31489805464070153
0.16801193504273756
0.32617241612657233
0.21646184462513632
0.36531783568387277
0.43141180529828155
0.2842112405194387
0.2638483471932668
0.18467961415699619
0.3082005073465981
0.18083856101774748
0.26640905161475503
0.1730212427281717
0.28866811063987297