0.15785218586027516
0.22407020847159748
0.33474757063030514
0.1571296176235781
0.4683311117475602
0.28389092757732465
0.38938004142825233
0.3455866581682
0.3542350526854539
0.35998775002227007
0.34699016578260994
0.28068057223624476
0.15566171542657933
0.19729299173505507
0.17645006173674302
0.1659225833392087
0.2915602734111269
0.18657584522250908
0.4252997520434687
0.2834086465695977
0.30668883348434556
0.3539075709782496
0.3673317945136511
0.22679205205294192
0.36160128139836667
0.18891217148899225
0.23381427158766022
0.3454315296175242
0.1539681105036306
0.37580649473134653
0.33581376814490627
0.23920879091717293
0.31492639427083535
0.38199732358449523
0.3287425648578057
0.3292845892063332
0.46874396708885513
0.2268423266950262
0.1734895988678315
0.1642484900316946
0.17336347404889235
0.15606180467792308
0.20908740956861566
0.17712550310741224
0.28894798229972013
0.2716735862355457
0.19688393340104135
0.24421482241706657
0.2353723132687389
0.27945796298670966
0.1813921378337774
0.18444181524775036
0.2334576022343845
0.1948668364877289
0.2734761888712424
0.31067116549292023
0.2361740950906257
0.24669415140791204
0.2662388222019165
0.1965802978220028
0.2505480528367314
0.2332597302502775
0.17587631273861537
0.44407544040296393
0.1838580100585347
0.1909259381042841
0.2933918845053928
0.45565853601642686
0.3889392606214425
0.40361867671281026
0.39171714831611304
0.14538836112193754
0.24841137141394334
0.32245998452439883
0.18481871906819405
0.2937979030004274
0.4490480918472904
0.1671810773600635
0.19228418346328735
0.2644861796250494
0.20446976975991404
0.21619312669582005
0.3152190763188075
0.21800964709171836
0.342011179988126
0.3812760166510516
0.27809653858391287
0.31919505768518086
0.19169183731471515
0.2760875454326475
0.226385659919764
0.24982300247725084
0.36627351707586564
0.31067631141790947
0.2706147640684492
0.23826761029282953
0.1421870150984244
0.25175809074722755
0.24357554239462528
0.143100812294985
0.20726268900853054
0.23118436182403918
0.2336105075788019
0.34643665552340086
0.3004035484166596
0.439770601342177
0.2852184839975762
0.21130417625800826
0.27651972970739747
0.2710920305574044
0.2701410340263613
0.21512924949614476
0.5176437498643753
0.21707281023854305
0.3996330410027228
0.3250493149059715
0.31423890697754486
0.41375001927727106
0.41469299148607747
0.3488389077089888
0.3223135222823644
0.39140229759888195
0.30748902334905087
0.18946808314075309
0.364777585908