1.0851543403183792
0.8458855160805907
0.811216705669166
1.6859600941461579
0.9187737450000675
1.6108891594297927
1.0005595470485766
1.5991147506305803
1.397203041469015
1.6265226472528789
1.6258827809143872
1.789623754498797
0.7991819841295065
0.9073117618580645
0.9978638305289597
1.028115631102806
1.7817700732201305
1.0214375284830168
0.9897884713878118
1.5880444328079335
0.896208154767933
0.9165994739226323
0.7778839909241105
1.1008464849690922
2.150546632081749
0.8388658924713607
0.8911369668317769
0.8406660867888485
0.9246187686873341
1.5876581588124419
1.8201224720686557
1.484390395352211
0.7978330446970373
1.5768700564948994
1.3377172558297543
1.5303051807524375
0.8014892399395693
0.8873175183855989
0.8501679095571814
1.3960755648983956
1.5776828751054115
1.531629976357494
1.3501585575394166
0.8471504380703541
1.8359840643113328
1.8713833649227627
1.3629761438747698
1.6988787273831034
1.5212178362439213
1.4104749043971918
0.8519138292898373
1.4357524732378306
1.297383624250845
1.603429276173002
0.9891387719662185
1.3453917087801872
0.8553596777379335
1.5954603604740454
0.9149033432386173
1.557515260986581
1.16440528770969
1.3227661381577736
0.8343903578855474
1.3677315038166706
0.8140893334067242
1.3393292990119487
0.834205406230082
1.5269022161215449
0.8589904696664366
0.8423777597658136
0.8393759458020958
0.9675211229085734
1.6333739493313881
1.6097266897700635
0.9395972499503922
0.7945684204872061
1.5450510725526727
0.8524133122073493
1.5841418393631068
1.0459915547175176
1.0064484429595395
1.5243434221786232
0.9505346646984527
0.8741371981969058
0.7641637121513587
1.7148175239975298
0.8078751218767629
1.7483876659779793
1.6188480720330285
1.3642611759203893
0.8158252380398632
1.4008440788131085
0.9214305260798005
1.6442234001750633
0.9584665200924514
0.8503648859062112
1.5298812035426572
1.4436812824882395
1.6235039984205573
0.8911751935370135
1.3740156957422787
1.6753551998947118
1.3484710261592314
1.7972775521695292
1.5901817779050171
1.3791643268348774
0.8561288592716044
1.6464695168353152
0.8765400892010394
1.0320554381084748
1.5554397382059646
1.6363697709625273
1.579199426627013
1.6355075159342696
1.6657011239762394
0.8644383276422728
1.6246362014183608
0.911318168716202
0.9058101406409277
1.4749054155128223
1.126881585049942
1.4146072918063046
1.7059381335099535
1.6078820175934556
1.5689052622876045
0.9209885517123132
1.6118918984245187
1.5494647984952752
0.7752236845799371
0.8478422715479191
1.5834401703069714
1.6089660996595803
1.494788892469611
1.5885197820011663
1.067782325467174
0.8494355731779273
1.3689452372574538
1.6123080999665542
0.8107554697512671
1.395970531251339
0.9185432220411558
1.5594656026243814
1.0844410863327492
0.8360449855195095
1.6184088854980163
1.4383831950482804
0.8503071005230782
1.5783198965771796
1.602067414461006
1.5907868270150014
1.3555659960257656
1.37036911157093
0.7970631727275489
1.3209221406269178
1.566377119791138