1.2598713468166658
1.6731052300260711
1.737279777427489
1.8705127253849567
1.4190478666935846
1.84550042651275
2.1757284845901097
1.7611664200978638
0.9696689641494486
1.0583508918583593
1.2307211519389647
2.1350837177269266
1.4862964249711683
1.9670642927158346
1.803847307716848
1.340595848886301
1.3706115489628363
2.2190012230822473
2.6812328229224542
1.3000718054628824
1.7844687295479933
1.5806337934349766
1.659509642990704
1.5241910873330775
1.8210063911345558
1.8912602051719394
1.6554403490088951
2.090504985957224
1.6230346958099615
1.6120412393769405
1.9732023397153649
1.8623282129329422
1.1108039289245584
1.8890542870639642
1.6915130770692184
2.0044959381414214
2.3196362651719125
1.56248664592198
1.698138153018758
1.6597167153673615
1.8207413417898501
1.871693116234729
1.1374852673618767
2.055395551139707
1.201221560203451
1.465784849529508
1.139986931121507
1.2522137700762528
1.7303870804386723
1.0299901243884233
1.9315063242535402
1.8836401285662254
1.935318687208859
2.6841093099840836
1.1342469931891714
2.310036314353011
2.36194691259386
1.6085870353810587
1.4986530562210942
1.5182483159551343
2.062556048554319
1.0642983524662701
1.8622310693718398
1.7275622324545148
2.173172884101882
1.4842748720405134
1.9291136851449229
1.2620578856010176
1.9645731260675796
1.1116666089343945
1.5374230309885222
1.7803829655100842
1.3532838826877005
1.0614011858856207
1.5724512794428263
1.8484083045801256
1.8672641231141829
1.454631152363511
1.1086696640836682