1.7756207359187248
1.5515246133780363
1.8986459671018638
1.496382271434613
1.675058135713294
1.2398897985374593
1.8316821014342202
1.9089930121053515
1.7448935245957071
1.5991726706818823
1.7895153739336658
1.8165573056980668
1.6598439293513834
1.2218758405887788
1.4402068173476712
1.103174225358752
1.3742275849073842
1.771473315150426
1.2160184595962256
1.553740692478778
1.8907822572171362
1.4565788423596087
1.0483445704795384
2.206265719214907
1.3221289937786902
2.1365376927457986
1.661134984644656
1.8884468001606296
1.7827893232370193
1.3121852099948168
1.7842449816432426
1.7442114362881298
1.6056951670926383
1.7714945999399119
1.6478791805896065
2.2458544572038193
1.944908927140056
1.7368493188188387
1.5569299360726805
1.6724205680711781
1.6231238797579677
1.6330193397591615
1.7779461279087656
1.641258989833151
1.800139560367398
2.147666551125829
1.3004896795489314
1.6056308173677958
1.9011997471238902
1.8732029939902692
1.635344057868906
1.926794226691654
1.7816077693577763
1.6902923741754483
1.7241226846356756
1.5919012479079253
1.6120744480582339
1.7304839887699148
1.4338189216223183
1.6827498159315661
1.0513198561863697
1.5380641852625532
1.6817689174830008
1.9401454918445802
1.7199878566793065
2.5140439070563323
1.3572115200186718
1.7205680264081606
1.6907637116719239
1.1498448169841535
1.577792927989291
1.712883773372472
1.5473485862011291
1.6608085086808897
1.81950872362197
1.5463784274857362
1.5315613201566862
1.5800452321674348
1.675942488495133
2.285548171891189
1.7787401979204371
1.7352052438856913
1.078023173347613
1.5152656925478603
1.7602950441473586
1.0927667449522585
1.2497025552040086
1.054628169581254
1.4390798071397182
1.50455920058307
1.0848821182921822
1.8027607154092398
1.7695742818465598
2.0504089414589055
1.871433680198948
1.6341215900658708
1.7783537421910418
1.741947172932649
1.8855854122770688
2.0342586316654576
1.7161881442075464
1.854517487107262
1.7248457605108083
1.4615264639936065
1.6972761872599649
2.133349709776444
1.105586661307663
1.7557948029337151
1.9385123292399395
1.6551700039875668
1.6850551887956011
3.0591627896583127
1.931947915655234
1.747845445957065
1.69971350600053
1.5446623976595737
1.5718483516573454
1.7677095794868423
1.643315849774147
1.147034999288796
1.7698757553067601
2.089919216051614
1.7180097408984545
1.8733417231261054
1.6818291937745218
1.8056813007199544
1.3226705405196142
1.5112229587353325
1.7639138398966923
2.1255850802676552
1.804877182404614
1.3961151057789036
1.970432912370544
1.7580384430304894
1.8344787206509074
1.6901549711140045
1.381007575616208
1.7703795193491016
1.8087946913700668
1.9606424843155608
1.5783694709049598
1.8082477396256866
1.9737878986104256
1.1984316296001238
1.799464464295157
1.6702610076792233
1.3332979426614937
1.66557070515987
1.6269205251723167
1.7342260557574687
1.7016780539760492
1.6520278419790246
1.447988209584755
1.7639713183718364
1.2917768793006752
1.1307122118050215
2.234211976703301
1.758321301484975
2.579114783417297
1.694392681799435
1.6411415649907788
2.1003647622450754
1.8130312048299817
1.6971695877685142
1.9569040342727373
1.6394527321710444
1.5819511891628666
1.7003370339473438
1.6633038938910225
1.7055463250836633
1.7240907263911225