0.8930418483629186
0.7815536342849361
0.753837547915523
2.0921552957064056
0.8257081095662007
1.414552420952379
0.8780912134159499
1.564452899301108
0.8324210368078006
1.409701612007092
1.4128208546018488
0.8556481320815393
0.8402251861325066
0.8157105984511485
1.0162553492668365
1.4134540436453762
0.8828189718981585
0.9882495100756079
1.4289900773710151
0.817904022251488
0.7877353834301704
0.6416110897293277
1.0034042415668223
0.8019828888213253
0.7448187337483925
0.8661441718381744
0.796066590359867
0.825121144661154
0.39700377617251187
1.4098322819361069
0.8411910053000022
0.8425568540004497
0.8414738124430763
1.4355133065038583
1.3780612140582007
0.8797925773388062
1.2938599958568833
0.7729346731804846
0.8679370698338157
1.716637394960309
1.236323208324405
1.3619074848911432
0.7640264256985846
1.4656467076990247
1.4533977200078518
1.4499487372011295
1.3838872818590884
1.3676403662981291
0.8230801163992374
0.775460009239399
0.9136669303202091
1.21806714740713
1.322349221025237
0.9758429815125828
0.7896123087336565
0.86443087053837
1.3051661793064242
0.7799654419339755
1.4973681876695664
1.1249579337619866
0.8498089878103988
0.8717702717367116
1.2805023093251695
0.8635628470986512
0.8215038609894663
0.8649565861184407
0.3425731739212058
0.8970648861898352
0.8018125781777528
0.875389201615916
4.282097461473953
0.8744760258814941
1.3644053384173163
1.3809950916040072
0.8509021367363608
0.7133293411889754
1.5165083916090876
0.7823506256808856
1.362681055678899
0.8563526552755918
0.7917093738510284
0.7861458769838597
0.7617461979686895
0.6997413755312196
0.8185921288947213
1.4019648377476233
1.634759068492085
0.8601955370584107
0.9610071110659691
1.6333195386850612
0.4842726141700177
1.4153057438695085
0.8844398244034791
0.9192580523072965
1.0235400167450428
1.3292928723759054
1.5836243550891616
0.8088982164349378
0.7559765912546631
1.6100040581126955
1.4002450283679277
1.2297345937815338
1.366823936165617
0.7762814368882979
0.7963275541109275
1.400179353872109
0.7873902977197178
0.9227686369955493
1.3943346346886683
1.3991414330823617
0.7551591958236945
0.7470678060169306
0.8256950102885525
0.7871483477013713
1.380402998248599
0.9363132865222903
0.9236145551751468
0.7649815777783318
0.8666646043103254
0.8030550210213426
1.4748710813376873
0.938904853890453
1.4043295782615193
0.8725274578663547
1.4679773320252376
1.3470717668542016
0.797442384730053
0.8623512411802188
1.1856537435611987
1.5230715667292063
1.521624613592841
1.384505090990869
0.9502865027507902
0.9535815062846915
0.81054772616168
1.378388891646405
0.7334089917462204
0.8385535586209619
0.8558008857466584
0.8654091475717038
0.9776730872995811
0.8739694726526273
1.5904901612874704
1.6639672890504373
0.9184356666001015
1.4811844255828635
1.4610763712835615
1.4553229989339143
1.403608977955267
1.4404677260035452
0.797707341805739
0.811585928185194
0.8223572429030771
0.8096443970241642
1.3699566083030636