0.8930418483629186
0.7815536342849361
0.753837547915523
0.8257081095662007
1.414552420952379
0.8780912134159499
1.564452899301108
1.409701612007092
1.4128208546018488
0.8556481320815393
0.8402251861325066
0.8157105984511485
1.0162553492668365
1.4134540436453762
0.8828189718981585
0.9882495100756079
0.817904022251488
0.7877353834301704
1.0034042415668223
0.8661441718381744
0.796066590359867
0.825121144661154
0.39700377617251187
0.8411910053000022
0.8797925773388062
0.7729346731804846
1.236323208324405
1.3619074848911432
0.7640264256985846
1.4533977200078518
0.8230801163992374
0.775460009239399
0.9136669303202091
1.21806714740713
1.322349221025237
0.9758429815125828
0.86443087053837
1.3051661793064242
0.7799654419339755
1.1249579337619866
0.8717702717367116
1.2805023093251695
0.8635628470986512
0.8649565861184407
0.3425731739212058
0.8970648861898352
0.8018125781777528
0.875389201615916
4.282097461473953
0.8744760258814941
1.3809950916040072
0.8509021367363608
1.5165083916090876
1.362681055678899
0.8563526552755918
0.7917093738510284
0.7861458769838597
0.7617461979686895
0.8185921288947213
0.8601955370584107
0.9610071110659691
0.4842726141700177
0.8844398244034791
0.9192580523072965
1.0235400167450428
1.3292928723759054
1.5836243550891616
0.8088982164349378
1.6100040581126955
0.7963275541109275
0.9227686369955493
1.3943346346886683
0.7551591958236945
0.7871483477013713
1.380402998248599
0.9363132865222903
0.9236145551751468
0.8666646043103254
0.8030550210213426
0.938904853890453
1.4043295782615193
0.8725274578663547
1.3470717668542016
1.1856537435611987
1.5230715667292063
1.521624613592841
1.384505090990869
0.9502865027507902
0.9535815062846915
0.8385535586209619
0.8558008857466584
0.9776730872995811
0.8739694726526273
0.9184356666001015
1.4610763712835615
1.4404677260035452
0.811585928185194
0.8096443970241642