1.7756207359187248
1.5515246133780363
1.496382271434613
1.675058135713294
1.2398897985374593
1.8165573056980668
1.2218758405887788
1.4402068173476712
1.3742275849073842
1.771473315150426
1.2160184595962256
1.553740692478778
1.3221289937786902
1.8884468001606296
1.800139560367398
1.3004896795489314
1.0513198561863697
1.6817689174830008
1.3572115200186718
1.5315613201566862
1.5800452321674348
1.0927667449522585
1.2497025552040086
1.8855854122770688
1.4615264639936065
2.133349709776444
1.147034999288796
1.3226705405196142
1.7639138398966923
2.1255850802676552
1.3961151057789036
1.66557070515987
1.447988209584755
1.2917768793006752