0.957338739838385
1.7411187942506814
1.7632166776666758
1.6619270231125387
1.599242938558208
1.9652165209843742
1.3030165936013107
1.7460401635694671
1.0862562388715742
1.8660246910566665
1.787539371395934
1.1308610303865705
0.9081875482326588
0.7102687087711566
1.1585544307720905
1.8325831734028495
1.3427576309631322
1.6979836789543008
1.912468155636262
1.592551356546002
1.1099597517859454
1.422077062468632
1.2058033869405635
1.8007844122536405
1.401511270175202
1.9704862903191969
1.730161929587537
1.0510935573536462
0.9098254533616068
1.8344904516203324
1.5607512684376579
1.1149034546524148
1.883135016500748
2.055839368454026
1.426501535477957
1.1521552614762145
1.6829865826253319
1.7529604854247745
1.3246480921667614
1.5900186156475258
1.7408938614771128
1.8874796160278873
1.501715271797676
1.9819993453722502
1.8849056292037978
1.5709551808002706
1.7698919248987994
1.6665544150878357
1.5068822351549958
1.6860300310315666
1.808700150379298
1.431204703255728
1.699412076443544
1.0643935035704433
1.6530072759788328
1.3934412998077614
2.074610168537444
1.8996994161514025
2.088253990174676
1.4020615776847762
1.8205827963335055
1.2463865178755629
1.0852059882244365
1.138167883957732
1.8230883765471424
1.2726007100188503
0.9554027115067585
1.2442731021819193
1.4853936403082288
1.2546476533697126
2.0926335173118016
1.5258495097811793
1.7686634392610692
2.2317249240177888
1.7410129855002212
1.3774059961165481
1.092388934554316
1.5906692983002897
1.9459426829825222
1.3077995580935107
0.6786773284496186
0.98106886993348
1.6238987031801675
1.0970172420013793
0.8794529388157285
1.8701419891948325
1.5221888810758293
1.8474856107709514
1.6277487223160712
1.7294548883596657
0.9987930190226302
2.0902168391799827
1.7000415986261084
1.6496455297232582
1.113988716723482
1.8184033708965668
1.8261702012438514
1.800065837640646
1.6432841971842358
2.272910455103795
1.9929153261635675
1.371253049720424
1.7089894871885671
1.6092718076072683
1.547323575846431
1.8950007636350878
1.7920229563748218
1.472416394077672
1.7547145793680183
1.719945884848635
1.7302926087533725
1.5904899892882498
1.860239715253256
1.005570564616867
1.5173010289550555
1.4696161805984622
1.6930512528777664
1.8332305926537944
1.5612902667358104
1.8631664880216292
1.7705839615205072
1.5211737539120072
1.8149417075133476
1.0227137474784256
2.013720042160226
1.7308656482707057
1.3535367353005294
1.2839957612327217
1.7916618124188535
1.0517721965722142
1.6858787131926247
1.6788365270396262
1.199925316200358
1.81708534579443
1.74468242246802
1.786966071222609
1.4868108864912601
1.4546350021535046
1.5741973424320328
1.7735579132101964
1.2681582679368477
1.1078624365602199
1.7819822599929194
2.2811996026588592
1.8255938231653954
2.4462904222242905
1.990157652540939
1.549705025726132
2.083714000295932
1.6488154499713135
1.532783840456289
1.7974171331693634
1.0355079548804342
1.8224676550288785
1.7032663030247432