1.2598713468166658
1.8705127253849567
1.4190478666935846
2.1757284845901097
0.9696689641494486
1.0583508918583593
1.2307211519389647
2.1350837177269266
1.4862964249711683
1.9670642927158346
1.3706115489628363
1.7844687295479933
1.8912602051719394
1.9732023397153649
1.1108039289245584
1.56248664592198
1.871693116234729
1.201221560203451
1.465784849529508
1.139986931121507
1.0299901243884233
1.9315063242535402
1.935318687208859
1.4986530562210942
1.0642983524662701
1.7275622324545148
1.4842748720405134
1.0614011858856207
1.8484083045801256
1.454631152363511
1.1086696640836682