1.97960681840728
2.0184955609734674
1.8622745488157035
1.9261120620849128
1.880487512608189
1.9412139606352428
1.76995710853295
1.8807737012392622
1.798792313642999
1.774248647480695
1.917523552035908
1.69517613653837
1.710143724121243
1.7287267914424678
1.8425931178267345
1.9515387209738528
1.8850247809164145
1.6923510735941065
1.751145485377089
1.7208335500309242
1.8097518990972101
1.74883807479828
1.8449182280805754
1.765279187121533
1.71086353656458
1.6989784583892031
1.8607071502528931
1.930887540472637
1.9376640723835132
1.8056060795754232
1.948058343905753
2.1132167618695794
1.6481015465822038
1.788260015045301
1.742608616572834
1.9127184326658508
1.894196608529994
1.8016442517294038
1.8006784783447651
1.8731792077444513