1.2598713468166658
1.6731052300260711
2.164439169467152
1.604812313840251
1.737279777427489
2.273667817049979
1.8705127253849567
1.990385036451487
1.4190478666935846
2.158405477503337
1.7509649769106437
2.4237232456758058
1.9415855721309623
2.0517623416249586
2.068420132802047
2.0119694090615354
1.84550042651275
2.144330726531367
1.8562492113851545
2.1757284845901097
1.7611664200978638
0.9696689641494486
1.0583508918583593
1.2307211519389647
2.166644614886444
2.1350837177269266
1.4862964249711683
1.9670642927158346
1.8160971071073673
1.803847307716848
1.340595848886301
1.773583621477662
1.3706115489628363
2.2651533750821025
1.5955453283784964
2.0975253082535916
2.2190012230822473
2.6812328229224542
1.3000718054628824
1.7844687295479933
2.00222025403778
1.5806337934349766
2.208879407969394
1.777658180992442
1.724097462091043
2.17185715887598
1.9062648685903072
1.8148059120735043
1.7197254797178345
1.4784046073433872
1.659509642990704
1.5241910873330775
1.8095983262138928
1.8210063911345558
1.796398114940963
1.8912602051719394
2.1762183309984486
1.6554403490088951
1.868782272617813
2.090504985957224
1.9021329519819523
1.9551312012124022
1.9992745475750737
2.180049116207864
1.7322046254762429
1.718337713640585
1.9527900002408678
1.8084843252022498
1.6230346958099615
2.096517036855566
2.0983740669588893
1.6120412393769405
1.9732023397153649
1.8623282129329422
1.8461765210983367
1.1108039289245584
1.8890542870639642
1.6915130770692184
2.0044959381414214
2.3196362651719125
1.826761389721802
1.56248664592198
2.2650081270132283
1.8708238792266825
1.698138153018758
1.4296137433631178
1.7083353205216933
1.8584351800490866
2.0045563809788094
2.129614304300514
1.6597167153673615
1.8207413417898501
1.8609753414653236
1.6878832240363955
1.761696758246135
2.15068253434819
1.871693116234729
1.8309268476616363
1.8635709881224596
1.202879606438886
1.6322064319611558
1.1374852673618767
1.8509680208088366
2.055395551139707
1.201221560203451
1.465784849529508
1.139986931121507
1.941096412280534
1.9992183337708676
1.2522137700762528
1.7303870804386723
2.2131884839308014
1.6227769449143963
1.6438458375767986
1.8367381254073598
2.101403017706673
1.0299901243884233
2.0996429727009156
1.8062694673178818
2.2300288384079976
2.1930913066415836
2.110617509962882
2.3751353992022137
1.8063303062898457
2.2511630970709415
1.8955993575827388
1.970016742367479
1.801339999122201
1.9315063242535402
2.2550389650358196
2.090808311755028
1.8836401285662254
1.7637448675101834
1.935318687208859
1.8037570006334345
2.6841093099840836
1.1342469931891714
2.241607520763407
2.149172025323653
2.310036314353011
2.1321815951578706
2.2079382090631636
2.0826398183946617
1.8455801842493804
2.36194691259386
2.298626736902465
1.8315974873212628
2.136214663871339
1.8156207147624916
1.7919505868072807
1.6085870353810587
1.8605309810885788
2.1276823261306417
2.153164595264265
1.9148696978911814
1.4986530562210942
2.243575793422356
1.7356071369288661
1.9871164705154325
1.7857841250811106
1.5182483159551343
2.062556048554319
1.0642983524662701
1.779165087021996
1.8622310693718398
1.7275622324545148
2.173172884101882
1.4842748720405134
1.9291136851449229
2.3022850319621844
1.9951621477777315
1.827012283586026
1.8180324381607535
1.2620578856010176
1.8069245532459675
1.8387471813879919
1.7383981611969979
2.296793061335362
1.7550441311788472
1.948485796680469
1.9645731260675796
2.116711968994368
1.1116666089343945
1.5374230309885222
1.7803829655100842
1.3532838826877005
1.0614011858856207
1.8574817484258745
1.9149364339017836
1.6362411680973972
2.1524157812096347
1.5724512794428263
2.1932322674384066
1.8484083045801256
1.8672641231141829
1.454631152363511
2.030496415316458
1.1086696640836682
2.312077829488537
2.3908608659084734
2.3951134214271135
1.8334920927122764
1.4621315814794928
1.7941425637215784
2.3243244662617317
2.791851297356716
2.272072977513885
1.8526792803591325
2.178569642022508
2.107077581197416
1.7617589612906885
2.0711846742478195
1.856967999424582
1.774205819226818
1.8710962615340887
1.647202810531972
1.9300806733887244
1.7775074637144674