1.0851543403183792
0.8458855160805907
0.9187737450000675
1.6108891594297927
1.0005595470485766
1.6265226472528789
1.789623754498797
0.7991819841295065
0.9073117618580645
0.9978638305289597
1.028115631102806
1.7817700732201305
1.0214375284830168
0.9897884713878118
0.896208154767933
0.9165994739226323
1.1008464849690922
0.8911369668317769
0.8406660867888485
0.9246187686873341
1.5876581588124419
1.484390395352211
0.8501679095571814
1.3960755648983956
1.531629976357494
1.3501585575394166
0.8471504380703541
1.8713833649227627
1.4104749043971918
0.8519138292898373
1.4357524732378306
1.297383624250845
0.9891387719662185
1.3453917087801872
0.8553596777379335
1.5954603604740454
0.9149033432386173
1.16440528770969
0.8343903578855474
0.834205406230082
1.5269022161215449
0.9675211229085734
1.5450510725526727
1.5841418393631068
1.0459915547175176
1.0064484429595395
1.5243434221786232
0.9505346646984527
0.8741371981969058
0.8078751218767629
1.3642611759203893
0.9214305260798005
0.9584665200924514
0.8503648859062112
1.5298812035426572
1.6235039984205573
1.6753551998947118
0.8561288592716044
1.0320554381084748
1.6355075159342696
1.6657011239762394
0.8644383276422728
0.911318168716202
0.9058101406409277
1.4749054155128223
1.126881585049942
1.4146072918063046
0.9209885517123132
1.5834401703069714
1.6089660996595803
1.494788892469611
1.5885197820011663
1.067782325467174
0.8494355731779273
1.395970531251339
0.9185432220411558
1.5594656026243814
1.0844410863327492
0.8360449855195095