1.773955394639732
1.8357097090922723
1.5602268821335024
1.6254041954850258
1.5476122422885776
1.538646276514482
1.5480256941869512
1.6319574235896168
1.5871061665204182
1.5759317134239916
1.703260058723831
1.5726406829845327
1.5980442417447818
1.6016396928644274
1.4711484551016578
1.540460141081881
1.4347677228190878
1.5259911225197416
1.5918316826642234
1.5504939435628335
1.5286248181386206
1.7104192274461993
1.6446848881899738
1.596222639558833
1.4862095106658428
1.4824642716652785
1.6730369946803108
1.6815332132940117
1.6341498991095997
1.51559979061573
1.5948456986654367
1.6634962048424693
1.5669395870102225
1.637856543684384
