1.97960681840728
2.0184955609734674
1.7762899392100115
1.8622745488157035
1.8340626110848506
1.835735600178561
1.8921782433070153
1.7704391810281326
1.656916322843046
1.699753161683735
2.0167052857566423
1.8785297301632657
1.9261120620849128
1.880487512608189
1.9412139606352428
1.76995710853295
1.747122392287123
1.8807737012392622
1.7081962568731606
1.7626259527192958
1.9117041412226357
1.6353032664102762
1.8751806288744652
1.7209073508048365
1.6341292539412007
1.798792313642999
1.7217623322523556
1.7458063523185852
1.774248647480695
1.8349844110200995
1.9008197001876266
1.917523552035908
1.6726925761661988
1.84769070893489
1.6793640698673031
1.7122529354303828
1.6723711119469769
1.8952722886744637
1.69517613653837
1.710143724121243
1.7287267914424678
1.8425931178267345
1.9515387209738528
1.8850247809164145
1.9890301600918117
1.668022039014503
1.6923510735941065
1.751145485377089
1.6649841366996867
1.6801932898415026
1.7208335500309242
1.8097518990972101
1.7689568911670603
1.74883807479828
1.6863312779964839
1.7467133226749205
2.0559601782691503
1.830047256130069
1.7324708252213412
1.8449182280805754
1.681063254598943
1.9232922598475115
1.765279187121533
1.9378997716141466
1.71086353656458
1.6989784583892031
1.6571305887831236
1.766046890532398
1.7243692801925392
1.8350316694980087
1.8117943774029683
1.8607071502528931
1.9233267759739596
1.9935000215581018
1.930887540472637
1.7778050645262147
1.7160159166203588
1.9376640723835132
1.8056060795754232
1.8514714839862871
1.948058343905753
1.7883646112169753
1.893666013749591
2.1132167618695794
2.0026692816808573
1.922718923394184
1.802815439385395
1.7789941302739682
1.6481015465822038
1.8226546793433427
1.7483180630430544
1.7296467945958465
1.7441553227944366
1.736423105393735
1.725008789023329
1.9666803067662175
1.788260015045301
1.8692703464154734
1.8755193828329726
1.742608616572834
1.9127184326658508
1.894196608529994
1.8016442517294038
1.8595610415232224
1.9225739308682626
1.790004685831242
1.7082818368735186
1.8006784783447651
1.7494586729727803
1.7937287151163215
1.7350936414395135
1.7680156503096873
1.8805806619876104
1.8283968275916458
1.8753355639867102
2.1158758437522542
2.1806442838723887
1.7959942264872708
1.915764153868217
1.7786954600677587
1.7672050998352058
1.6432099682914347
1.7500096590386156
1.8731792077444513
1.653451360985569