1.7231064299357546
1.6823660834210192
1.6278988636539653
1.6422321904543693
1.6491672776765092
1.617461460861307
1.6451139725853574
1.5797142304159513
1.5063198729203928
1.540072486187944
1.5415821808384356
1.5340522195913224
1.5068530172112904
1.5618500725139042
1.5431483590501842
1.5669922180912916
1.5232060842066366
1.5202860362251531
1.4281682576875634
1.4779729835977673
1.5488283415813215
1.6841162470424884
1.5305211006825912
1.5273241203061747
1.4800087998567062
1.5204097649248716
1.5550695987256207
1.6203137124189184
1.6749274681410349
1.5099219003205424
1.606818198005294
1.6888975499156074
1.4608986351127677
1.5651375351351968
1.4886187624711276
1.6400909901583771
1.7096427696876189
1.523633996019398
1.658145202512479
1.657207113548695