1.974554753408247
1.9056651562564964
2.01234762735483
2.138524028013701
1.9827631389126568
1.8053347076584134
1.8521595408050473
1.7671211825400246
1.825176117500642
1.787469781169212
1.7366753722507415
1.7594650279567858
1.8132818703181828
1.7361933903131939
2.128561255126325
1.8620042157857624
1.7688598232713717
1.7443476975594792
1.722884955152607
1.790752795863666
1.9978835860956878
1.8470636778587086
1.8095353861523555
1.6739678716798152
1.8113945959298898
1.8937284909000835
1.807904236099836
1.9066955618239
1.7476103522039765
1.7188554353262975
1.8690336709643587
1.8945414376999097
1.737039995681107
1.6688599773351938
1.8070778204276636
1.65219724714025
1.9393255257699349
1.6525288193462933
1.6633231434511948
1.7578356817263545
1.689784759141933
1.78924069525102
1.863176873846719
1.7944253065375202
1.916294947424518
1.7412175999419197
1.7641716982595723
1.7779743017811416
2.0759628343034096
1.6773773057206356
1.6832146731504964
1.8266301371142324
1.6648788720522676
1.8916676210604986
1.6867616017512934
1.692569507317961
1.6944481568444278
1.814079067737256
1.6850279937027615
1.7902725712030567
1.8378253161241351
1.7028075626806085
1.9484322613668352
2.186136976220765
1.6861249989281757
1.9389733820353192
1.7377003961324595
1.7491144336215783
1.8310653924160734
1.6977387229710257
1.8465275008845001
1.7055486756625342
1.824112015119941
1.6733293950737365
1.7132182089192358
1.845812348900218
1.9310719393803184
1.7760937623536388
1.9187876835807034
1.818608786054434
1.7316128424959767
1.8271952164297482
1.8154950167419868
1.7024199663431585
1.9180832236842034
1.8274236334793934
1.8400080079064647
1.814297320773326
1.967941350006834
1.8589459545728488
1.9908598639090291
2.012966926773273
1.8706640806211758
1.7947323988306592
1.8116720504451314
1.7978484297054125
1.925215878152964
1.8220017998879752
1.7901855716798427
1.7979664506092754
1.8338120074400155
1.7332722179051017
2.061650377951915
2.0222097857336956
2.0017173584688863
2.0763966796377753
2.0436027576577485
2.0532019727961335
1.9663940762274799
1.8977529100576065
1.7384022964976182
1.7141643609849204
1.886319065705265
1.650060940406088
1.7751746838263307
1.6683982982943715
1.7617441429630962
1.6660225588120487
1.7229190593166912
1.7821153951342545
1.822939715381752
1.83339860083742
1.9196726558665036
2.240216650211775
1.8653845507281785
1.9458779521586047
1.786744768419099
2.076252096038377
1.974708989473203
1.9277974112233223
1.934367066147924
1.9391479172452157
1.95773372322805
1.922431684109257
1.8146322236311565
1.9304041487374393
1.729428356635844
1.7553789803861966
1.9944587726105156
1.893011363054612
1.8355640471194554
1.8659775146752147
1.965717446460589
2.153209439101012
2.0400445181725324
2.0930140492758844
2.0865543127783486
2.067744580556733
1.9049235066828256
2.04553378725793
1.7903109457579172
1.7759209988984048
1.8426136444139674
1.843038044726914
1.7094637976213674
1.778416374094533
2.028453800666903
1.6767652679129776