1.5346262550313383
1.4949456358893776
1.2130585567070484
1.2951927869730349
1.1424610512366395
1.440486975364739
1.5253817923987318
1.5629765422924569
1.6626207732916058
1.3236602989600654
1.6200848523764677
1.5760811207474545
1.3886239375281482
1.08833592192527
1.306482151434566
2.018423503301654
1.3013251819444036
1.5793202909842852
1.430116807015394
1.315956214396681
1.4488406041984858
1.3136851956083828
1.3277334117427932
1.2553043310758534
1.2758488760696434
1.3806432697645943
1.542960573184775
1.2082100941279668
1.2557011227524055
2.1110235357259963
1.7001391471379474
1.54607415051537
1.2970117421352072
1.4655722130291204
1.3596351597998755
1.5843372051658475
1.572868192689115
1.5601369460644783
1.2986846056882742
1.3176889243665306
1.503769178713307
1.321013984335289
1.2912907645005454
1.171700581759812
1.4551553629540264
1.357367102561693
1.389771428654342
1.4784130942174414
1.697197057307981
1.5714151248779342
1.3977627099657204
1.6478921656057726
1.5936223210353075
1.568538767863999
1.544170576830528
1.3537919478009661
1.4304217394150596
0.9637634054205039
1.2183244227271484
1.336796336353078
1.0543101594413218
1.4112008451011018
1.1765875611436312
1.3016888515633198
1.326344811786666
1.3585568330393227
1.3401740423087185
0.9992971771735211
1.3489648431186225
1.1873680439056489
1.3297833379421957
1.294767485359961
1.2958378974754539
1.1409756581919352
1.4009907797748962
1.036841125344902
1.2807994251041752
1.3542197528782505
1.3611671840259814
1.5254781143749712
1.3755428786908324
1.6363171226982702
1.3874130971827503
1.4103358280065073
1.3985260366813586
1.3320516273307634
1.4809428446372639
1.7607529927843097
1.530705802621513
1.4918422526367525
1.48564848690074
1.8321985760561117
1.6494617916070864
2.0511180853047484
1.6868277253238302
1.5424131049794487
1.553138854382817
1.5396783486208367
1.3504288939301732
1.20636398903055
1.6597338594502988
1.4391532791592196
1.5485343187264322
1.3535256921112344
1.6913048833933753
1.2712538166218523
0.9740666909040708
1.2857357807468155
1.368488429590787
1.3348849836678178
1.4826814978818825
1.439549236389197
1.627884785906536
1.7895077208048855
1.3796052957049931
1.4483043809935665
1.3950421630034533
1.6129218608573352
1.4078067513042818
1.3568657871845013
1.3772436308698666
1.5904214522929327
1.4004397088654106
1.3540591317498396
1.506069620434008
1.2759689457722092
1.3951082985151122
1.3356156808803312
1.2238556657330388
1.2214632443376816
1.2408635430552162
1.0049260497968848
1.3516536456403578
1.4957159648446359
1.392043677080498
1.394322721402451
2.046461553704636
1.6146520725492752
1.4737732065739442
1.5676745308200994
1.3273236563733788
1.4669540011462818
1.4069616550186417
1.3863718800872487
1.3810906790034403
1.394618896486262
1.3495343241202196
1.503956769907578
1.331643653931155
1.3964574562667877
1.5579748952959451
1.3383434713381515
0.9809714222986476
1.3489311701883502
1.3174374933193198
2.306200885326
1.4496814449056783
1.6889942439964984
1.7178407000346634
1.6312342078293693
1.4530307220244871
1.7701379594013444
1.641667832259382
1.598906725514902
1.5899507185302537
1.4318741407302311
1.383859969463021
1.3266898042390793
1.412404376073186
1.328607412177155
1.3513137856332416