0.16795731077183365
0.22618154225415474
0.33345364922893317
0.16245608365002778
0.4786183917551775
0.5677588072729112
0.4681770234076883
0.2893723868021596
0.4120364716766655
0.3527731259658484
0.8272464389860832
0.9303848774428182
0.6362934750363006
0.21946376063919834
0.5456162567236585
0.35473286594553705
0.21620360707488986
1.017941059870181
0.3602536333577115
0.39349605438835117
0.2956916330442743
0.8962042269756203
0.18173706499407025
0.22253535233948352
0.1910950321642562
0.17833629534625992
0.2993552751417124
0.19889067090112056
0.959314948115998
0.41310383568702036
0.28530390365685454
0.32087556077508517
0.3528832334085954
0.38804129680113925
0.2449389863726845
0.3566459150879617
0.2078001613315456
0.25597398783429165
0.3660895278365926
0.2133708487373565
0.16347079987632035
0.37695129663829197
0.3620149306265683
0.2509123891365033
0.31666260910072763
0.5042444213774437
0.3864286526757573
1.0791143616380254
0.31998070852325333
0.32739417394098136
0.5299539598274164
0.47264755800005315
0.23282043349312104
0.6097500914614356
0.6902573104066482
0.1928610632006844
0.17717331332766434
0.18462765138828777
0.17271713269660954
0.23559025183093826
0.16625708200043904
0.22750530276155137
0.19848251510604129
0.3186202225434516
0.6510900223190709
0.273610416636204
0.21097024582201376
0.2630583779760276
0.2510903250040205
0.28915620166278005
0.7617262298626192
0.9642445514908214
0.19578518280662083
0.20247753260205478
0.2510046968693588
0.1878946750622563
0.27589231528313646
1.0540365544819754
0.3203716233358302
0.26233112678233567
0.2663484232989779
0.27735062549214834
0.2128519539482429
0.2498353230022976
0.24757167686109963
0.19655932669892817
0.48598331241503867
0.5692673017381785
0.2035695078283467
0.20576102004351493
0.5910410465777798
0.3055949379919071
0.47933642845229024
0.3896117595317866
1.0198151187857218
0.5609820376619876
0.4080415511288516
0.8569182449334789
0.5522764538835104
0.5969899092852988
0.5844205991621321
0.41764685935167034
0.5127795998349625
0.9505302711820751
0.16340253643700456
0.24655707324010825
0.3344880560241678
0.21027337838560503
0.2977296852856562
0.45702736968662894
0.19566684827775224
0.21410701358075393
0.27410187491511845
0.925871670896377
0.2280394635694293
0.2313483926826512
0.6668760932977601
0.32168517283754006
0.5213932906554581
0.23498106400430288
0.3456245049739103
0.40291295787547887
0.5017013807025276
0.2734397885860944
0.3151941406204993
0.2052747518442394
0.28033037082826767
0.2495824245290829
0.9382305476441365
0.5058618555273785
0.6911181682172995
0.2509112123287441
0.3738088658797576
0.30337275694975063
0.27172762439569126
0.2410195465957697
0.15280112834637516
0.257065762044031
0.20531409526558067
0.10032857119195225
0.24534401017426835
0.15268724913284057
0.21347259853421477
0.5687565540059251
0.23334173835745747
0.23176333637669097
0.24621706303221447
0.3511115983190415
0.2615667877265537
0.3217276427186154
0.9857727427029432
0.46365449905184913
0.28007387179940235
0.22950453422537434
0.27321912704285867
0.2721756990208801
0.2746910839133183
0.9953695252971445
0.23383500639582477
0.5382198192947084
0.23866024447564915
0.9869324452813567
0.973539372829016
0.5774626050639258
0.4187691710992068
0.3410131571166891
0.3398401494376687
0.42791627941286686
0.19278325507806587
0.4222638321008532
0.46292044794010806
0.5521029262872474
0.3525522560699596
0.32367497497820735
0.21864318599962285
0.37974685234866995
0.3156210363304085
0.20067616930540305
0.35442968975180683