1.8860521469269929
1.9520886825722963
1.7409805410181831
1.8392006215481835
1.8857640677576262
1.808955558403483
1.7968650859424165
1.7620778626845013
1.7517945887634263
1.7026774989656992
1.6994954346878481
1.6894132099626011
1.7431560962129853
1.7785742089978636
1.7354071163949158
1.6235380036289058
1.7068140336377755
1.9389761282641285
1.6659625345013056
1.774350631272233
1.7611013547850431
1.741915100736249
1.6993650012727453
1.6854469250556112
1.80336091795521
1.6694918281727933
1.6732409019248742
1.7935085007726308
1.8082866545916867
1.7265764555139496
1.7167835812316619
1.802948663980899
1.6041966297500518
1.7253092896045492
1.6585343580473595
1.6292903876511686
1.6942809156248742
1.6277462985624702
1.6050039944221999
1.6594026720245032
1.7160810514052551
1.7959968814078753
1.7237228584652304
1.8121943068939916
1.6319137119426785
1.767738891652688
1.7889168831858444
1.8423959914470334
1.701299191931283
1.6879856442566465
1.6696787238977777
1.6255062094290857
1.8191874088163837
1.7217524755693905
1.6307768418642918
1.5940777193039046
1.602261371523477
1.62525605316791
1.657904690934084
1.829259679090077
1.7574307307926231
1.8176161055412048
1.7430307511865566
1.7611292753543448
1.8613867875421446
1.6276569027573367
1.619455145192439
1.6441294007519252
1.6005529609214395
1.6034335275603093
1.7456700656510507
1.757347680286515
1.6514440704685271
1.698930419207284
1.684104179771241
2.0169075787809114
1.6483102085137797
2.0537726830665024
1.6620488087781935
1.8189094927619938
1.6712324950500799
1.624418118548732
1.705999508705996
1.6607966893281658
1.7901384726614358
1.6556783478298214
1.7296610793749254
1.6431053175858175
1.5752100547294707
1.628628433830132
1.8814831052149814
1.5598919379515404
1.633034080424397
1.6887572351764932
1.751017227864671
1.701898129800537
1.7772671362899193
1.6925331631534848
1.6666970868275208
1.7841812528171046
1.677037963454568
1.6523311691125961
1.6163087796761813
1.767319751919318
1.720902969602105
1.921401682214158
1.8680199942168934
1.738947819136188
1.7149697400367747
1.6459592873508608
1.6939656457361372
1.6615931010797813
1.7540741850573938
1.7388699592296484
1.7596941523731697
1.696601337458896
1.9410685137918409
1.800325168120989
1.805428698959975
1.9202322253538457
1.9446448931745064
1.7753445956997385
1.8266847631962808
1.7998181125872328
1.766482739421279
1.5885118559535671
1.7568375058150874
1.652597216806668
1.7057222590908183
1.7252076020531308
1.6220950950906683
1.6870083231671877
1.6729864833196277
1.7473372543599
1.6830749109799776
1.9091040058072999
1.6817108850612736
1.7894406852051141
1.8543546909602633
2.4975383777813054
1.8303616754541003
1.684253468421451
1.8369179145881585
1.916000073399049
1.9343232416466296
1.924931169364054
1.6741865093707777
1.7996910506835795
1.8627441061230088
1.760650752013309
1.6449999864743248
1.6555111237484585
1.7170012326068378
1.6733446996394483
1.7399086317561951
1.7566915047111546
1.6769875765606557
1.8469848638243653
1.6548786923963652
1.7777356297459803
1.6939724866023036
1.8001161656796256
1.9307760157310512
1.8897143801987324
1.7760189112483786
1.9621377943363592
1.9636771741758858
1.6907007660915712
1.7789580563911094
1.8326240689220659
1.7637091468437809
1.766142449135091
1.718000501846496
1.743967543537154
1.7363939053362534
1.6670633161114072
1.6663341888132295
1.8152304483146033
1.6756751822412062